  16.54534 -14.51443 -49.71661 -39.81103 -34.54202 0.855352 -25.66205 -54.53489 -1.744671 13.0896 -3.38753 39.13368 24.51784
  17.84036 -18.03585 -55.01042 -35.67295 -31.23883 -3.977842 -38.97017 -52.60522 0.8859411 4.721631 4.784032 42.43218 26.5509
  18.70557 -19.09509 -52.16955 -34.04387 -26.44576 -5.339013 -42.47872 -55.64502 6.210932 21.72827 -0.4414637 49.16669 25.04813
  19.28135 -21.5815 -48.84352 -33.94081 -38.91863 -4.502812 -43.81603 -66.84312 13.11137 28.08775 -3.926347 47.87932 28.35447
  19.82494 -22.96277 -46.99905 -38.89575 -45.56019 -11.16607 -29.21739 -56.43948 1.581299 13.83321 8.035398 52.54918 28.96181
  20.41472 -22.78297 -48.93212 -40.85781 -45.33902 -9.830348 -38.70246 -49.64373 1.883902 12.97424 2.838345 51.10326 30.32164
  20.8176 -22.88725 -47.6751 -31.60714 -47.39438 -12.98083 -43.28494 -56.84417 8.517438 18.81042 6.284287 41.57417 26.68952
  21.20316 -20.65252 -40.50524 -34.51401 -51.01643 -15.23821 -37.81845 -50.68575 5.378807 18.44518 14.94826 45.9015 21.7303
  21.70275 -22.03114 -40.63435 -31.22788 -49.18827 -21.85837 -37.01908 -45.45538 -11.06259 19.35646 18.56696 46.64975 27.91506
  22.18131 -20.39584 -47.45175 -31.06624 -46.45088 -30.41739 -40.65868 -53.50048 -6.860084 24.84718 14.20732 48.64023 33.23008
  22.47112 -22.07364 -47.8442 -40.51368 -48.54723 -13.08332 -46.63276 -61.73086 4.844388 35.30735 4.596281 32.97817 38.61699
  22.53059 -24.85829 -48.82893 -38.84282 -49.19764 -10.55794 -46.47569 -56.55806 -0.9120318 31.41851 13.54179 31.94559 30.79323
  22.57128 -24.31799 -54.03773 -39.48105 -40.69945 -18.65171 -43.28544 -43.23209 -11.0188 23.94487 20.52179 35.99575 28.71508
  22.66565 -23.1377 -54.78883 -44.54704 -43.85839 -12.72469 -36.30771 -47.7113 -0.1684256 4.716088 20.77382 41.01338 23.34784
  22.47363 -24.88212 -51.89804 -44.27782 -49.95488 -8.660005 -34.50097 -50.59576 -4.944274 8.96529 11.68403 53.44749 29.94105
  22.25259 -25.12632 -47.93511 -40.2982 -48.71659 -12.31319 -31.81718 -38.83967 4.350327 5.892356 12.90545 60.41832 24.37332
  22.97983 -25.10829 -47.62257 -41.48279 -52.22309 -5.805933 -22.1532 -28.11376 2.403511 -0.6426041 7.814661 70.51485 39.77869
  23.51386 -24.08247 -52.72076 -42.58119 -57.54102 -19.98874 -22.75284 -24.33519 -18.43521 -23.45718 4.435645 68.66985 38.33471
  23.4317 -20.79313 -53.12104 -40.92021 -43.57661 -16.29094 -20.08755 -25.27265 -3.219976 -9.465592 15.51531 75.61366 39.19128
  22.82396 -23.15227 -48.08502 -40.32281 -44.4476 -9.331576 -31.13174 -39.00985 12.52079 6.814081 11.97492 56.75215 39.07427
  22.66188 -24.58158 -49.19848 -39.46204 -46.8999 -11.90881 -21.26004 -40.86766 -5.485474 5.193984 18.61521 55.75856 27.20393
  23.02544 -22.84425 -45.99689 -44.22213 -47.84041 -4.705743 -24.53428 -38.10183 -8.465955 3.006731 13.28587 65.68697 31.89997
  23.15993 -22.43119 -48.30597 -45.82113 -47.41412 -0.5139568 -27.83608 -41.51655 -6.393065 11.41535 17.95774 62.95106 45.12642
  23.29112 -24.22588 -59.76822 -42.86071 -46.65272 -9.911716 -27.72585 -49.86039 -0.39956 17.77379 7.669829 59.1459 39.94576
  23.25759 -22.24013 -57.96938 -44.29213 -40.00321 -2.093962 -34.00074 -57.90137 2.202495 22.70526 0.3641489 44.33002 38.80415
  23.06438 -24.2902 -55.17282 -43.54813 -35.17052 -17.1305 -48.49289 -49.80272 -5.173519 29.72271 11.60562 24.6566 35.81429
  22.88869 -24.86456 -52.74274 -37.45783 -43.66027 -9.613459 -37.75977 -49.06433 0.4511589 7.364515 17.79455 38.71093 35.30243
  23.13339 -22.24387 -52.14082 -37.64774 -49.24568 -7.488523 -38.54282 -43.2101 1.150493 4.844825 17.35119 49.1665 39.19671
  23.57158 -21.47389 -57.14731 -45.75809 -52.99162 -16.12429 -31.116 -46.14283 0.29208 3.246331 17.5091 60.69876 39.98935
  23.74976 -21.25657 -56.99155 -44.70328 -56.29422 -11.29849 -26.30443 -51.51426 -4.477917 -2.930021 18.67838 58.65599 43.64119
  23.54106 -21.25621 -51.17134 -42.58032 -54.9747 -7.0617 -22.98526 -47.08548 1.711876 5.550889 10.1759 67.60052 47.09836
  22.85929 -23.40563 -47.56084 -34.37287 -44.85183 -10.2346 -21.94271 -27.56917 0.6203506 -7.285365 18.69508 73.04391 41.08545
  21.8292 -29.73244 -47.1287 -34.13496 -45.49235 -4.373032 -25.33089 -21.81911 -1.83773 -14.8557 10.77648 54.34438 30.75533
  21.37673 -35.72107 -48.82706 -37.18151 -49.80654 -7.009842 -12.6077 -18.54288 -10.32601 -19.99043 10.93199 44.69306 21.01081
  21.45544 -32.24773 -49.40622 -38.57619 -47.10362 -6.700312 -25.53181 -18.66142 -5.269375 -6.769436 12.01362 41.54527 24.58807
  21.9971 -30.6309 -50.16558 -38.52356 -51.63295 -13.67674 -25.65882 -24.16999 -7.330131 5.896119 2.969016 52.14412 40.80579
  22.49467 -29.45646 -52.77056 -38.78505 -56.55483 -9.276993 -19.48631 -34.21775 -2.330742 -14.91765 -10.20857 57.61016 44.72922
  22.67451 -28.60358 -54.35109 -38.72266 -44.94238 5.381516 -1.235912 -30.54382 -9.068945 -9.391811 -5.23365 49.96872 50.77289
  23.23312 -28.86819 -52.72609 -43.15355 -45.6583 13.47344 -19.75958 -36.09271 1.521052 -12.37651 14.81867 41.72421 38.39634
  23.98845 -25.13148 -55.93357 -45.91382 -48.27224 11.39302 -18.90624 -39.90531 -2.120704 -9.296234 11.40453 46.5103 44.56443
  24.31357 -22.45857 -54.35101 -48.91077 -49.98633 -2.459501 -20.12583 -35.06035 -0.2772333 -12.80261 11.60688 69.65658 55.56724
  24.0775 -17.107 -50.60577 -40.58439 -45.37263 -10.60582 -18.02874 -31.00634 4.062439 -3.185963 17.49397 65.98968 58.88997
  23.65536 -17.84536 -46.00841 -36.48035 -43.59985 -20.09615 -37.36743 -31.38857 1.692857 9.446469 15.11673 57.10453 49.80377
  24.2657 -14.72081 -50.27087 -42.61132 -40.93948 -6.794331 -43.01508 -37.78263 6.153571 3.032163 22.97649 57.47279 48.58683
  24.99101 -12.88442 -53.95706 -44.24969 -46.00227 1.743551 -36.27272 -49.11983 -0.2955018 6.104579 14.872 62.45995 53.72149
  25.18889 -14.62195 -55.51921 -44.89894 -47.28085 -3.776334 -36.31439 -43.30539 -8.745844 -1.404915 21.83493 60.47561 48.43563
  24.92908 -16.37224 -57.23337 -45.76926 -51.33847 -15.88554 -31.90856 -47.32418 -14.81069 2.798408 14.05309 61.47259 46.74745
  24.53743 -16.07842 -46.62548 -46.11108 -52.27428 -15.44552 -27.73876 -42.90149 -13.61876 0.4024581 12.14949 62.68631 48.14673
  24.48487 -13.28961 -45.43454 -45.55828 -48.4945 -7.794451 -34.29399 -38.58286 -4.652105 -4.113027 9.172313 74.14477 40.27031
  24.67665 -13.56671 -45.7891 -45.90792 -57.26613 0.04238347 -39.61785 -45.83831 -5.537844 -2.257114 19.11021 61.18041 50.74501
  24.68202 -16.16896 -46.44502 -41.68345 -63.20143 -9.8876 -36.81612 -44.98217 -14.7251 -7.920635 22.59822 74.7017 41.22467
  24.43449 -14.76251 -40.93485 -37.93531 -58.51365 -23.43152 -24.5404 -31.15063 -18.12263 -6.36781 24.70154 74.3477 42.63461
  23.9199 -13.50542 -44.47685 -36.10607 -49.23235 -24.63647 -29.78219 -38.64854 -5.864058 5.092922 19.9377 64.3354 38.62121
  23.5402 -16.17635 -48.87745 -41.84752 -51.22462 -24.45342 -40.74574 -48.54183 -6.886041 5.105175 16.74253 53.81392 40.62597
  23.2583 -15.64296 -44.06816 -40.50855 -56.23796 -9.413649 -33.65079 -46.27467 -1.631177 3.230222 20.56448 49.92355 39.49921
  22.71842 -22.19903 -43.45681 -33.14227 -57.94656 -21.30631 -29.32562 -41.2642 -10.38348 0.4358792 19.49965 51.05148 36.92706
  22.15297 -24.64522 -44.71886 -26.48399 -49.66495 -23.72818 -38.59076 -41.83173 4.686033 9.593144 18.34371 42.27223 34.89937
  22.23302 -25.38266 -53.09209 -28.99334 -48.17083 -26.33786 -55.48391 -40.85832 11.63097 1.731209 19.17387 37.44675 32.73957
  22.42664 -24.80409 -53.37399 -36.88081 -47.541 -15.68591 -51.19138 -42.33149 13.48254 0.01796673 10.19423 49.63342 45.29762
  22.47411 -26.23347 -46.55827 -38.736 -48.98446 -8.068588 -43.08561 -52.6063 18.11704 13.2197 -7.808694 55.21422 48.95935
  22.52549 -27.23007 -52.72531 -40.1198 -49.8617 -11.813 -46.57126 -54.71721 8.841595 22.29769 -4.489956 34.97464 36.37948
  22.7769 -26.19139 -53.88627 -43.89795 -50.62233 -3.593234 -38.69071 -41.54756 0.2110922 2.63835 9.963725 40.16455 36.09473
  23.27061 -25.66969 -48.37745 -35.40702 -52.94226 -2.565489 -13.81565 -27.3703 -5.414336 3.956213 8.343822 52.20283 52.74047
  23.87083 -25.58486 -47.35049 -42.36808 -51.16731 -1.604657 -9.453006 -20.08277 -4.93435 -5.973253 17.64567 68.87621 64.65436
  24.43279 -21.25648 -50.13942 -46.92846 -50.68398 8.142692 -4.715962 -28.14082 3.117791 -2.208994 12.62856 76.96208 66.89134
  24.7636 -19.17826 -52.29856 -44.39956 -47.02485 12.04315 -5.492107 -31.66075 7.22317 -3.086085 15.98404 69.197 57.06703
  24.81297 -19.97438 -57.70286 -44.72134 -40.35597 -1.354659 -10.13171 -24.6093 2.850036 -7.625476 23.12215 66.65654 50.46733
  24.59482 -23.35088 -59.31091 -43.67688 -49.96988 -5.878636 -8.511503 -22.10491 -0.1648202 -14.08894 14.06718 69.44432 41.16062
  24.08871 -26.33246 -53.46753 -43.33823 -55.93079 -0.9292092 -11.19221 -21.57308 4.007183 -21.86717 17.54612 74.88299 45.48078
  23.12636 -27.17617 -52.16617 -42.57727 -45.74137 1.787976 -15.61359 -22.95379 7.190223 -11.22741 20.14318 65.52603 50.89458
  22.37033 -28.585 -48.43044 -30.20336 -36.24308 6.697915 -18.65416 -26.9026 4.476248 5.380692 2.861907 48.45834 47.69775
  23.17023 -26.07382 -57.63661 -43.3082 -36.472 -9.542829 -14.92029 -29.22364 -9.794923 1.586499 -1.290906 64.17049 48.94864
  23.83874 -24.20718 -52.08392 -46.45971 -44.16835 -1.288751 -23.01834 -18.82577 -7.608304 -25.26301 15.25086 73.27806 35.22018
  24.01974 -22.92719 -48.78432 -46.15403 -47.4993 -3.526751 -17.54586 -22.49051 -16.94583 -16.93166 20.69713 67.25757 45.5363
  23.7477 -24.23625 -53.84335 -48.34406 -45.29251 -5.641625 -19.4343 -31.29401 -8.280468 0.7173691 1.181093 60.20029 40.42995
  23.10098 -24.67456 -52.83434 -46.30415 -50.36293 -11.58346 -30.66093 -40.32384 1.312888 6.345287 -4.561444 64.57668 42.53341
  23.18645 -24.57059 -52.725 -45.92196 -50.82033 -17.47977 -23.90111 -33.43324 -6.621429 -1.49487 5.420877 58.12228 31.18863
  23.68026 -23.48007 -54.15369 -45.70829 -50.38839 -15.15089 -23.10616 -30.91091 -12.73268 -6.446245 2.48027 75.00912 43.90865
  23.72143 -22.18724 -53.27832 -43.33836 -43.77171 -6.856691 -25.86727 -33.79344 -6.05506 -6.374593 9.324144 68.22633 44.44228
  23.24508 -21.13231 -49.95044 -46.42852 -42.09914 -6.86658 -36.77392 -43.34141 -4.025913 10.16504 11.40827 49.24071 45.27235
  22.71902 -22.10506 -51.53663 -40.28437 -45.96406 -18.17183 -49.02349 -48.43031 6.743661 13.40612 14.99509 51.74522 25.27646
  22.69717 -22.92231 -50.46501 -42.82367 -49.83217 -13.94253 -43.60981 -50.40561 1.560696 11.2132 15.41227 52.67331 21.24019
  22.81428 -22.05425 -49.20903 -37.6198 -37.96857 -15.81521 -46.51879 -44.48591 7.005707 26.46762 21.03262 53.66065 27.29709
  22.7587 -21.76279 -52.61629 -36.16035 -43.88843 -13.7111 -39.74566 -43.60881 -1.867334 23.89413 19.05236 46.10643 31.49919
  22.48515 -23.61545 -49.10737 -41.00014 -47.21341 -10.98327 -39.00998 -60.39607 -1.80463 23.05567 8.645408 50.03137 37.83914
  22.07322 -24.67494 -50.80955 -36.47713 -50.9855 -22.51698 -36.38662 -46.57249 -1.628007 10.45229 4.674627 61.01182 32.59197
  21.96934 -27.12201 -46.52272 -32.21135 -51.64164 -18.50756 -23.35158 -29.50611 -10.54597 3.041292 10.19277 66.3706 38.60196
  22.02923 -29.18858 -51.1332 -45.07042 -51.45905 -8.507769 -25.66262 -37.43129 -10.85726 15.12182 13.28146 49.99197 43.33779
  21.8436 -27.71124 -52.21715 -41.38925 -43.67142 -3.441417 -25.95427 -33.43842 12.16109 18.25571 7.133455 34.0891 30.70577
  21.60173 -26.65264 -52.96905 -31.5266 -37.11687 -13.11926 -22.60858 -20.95823 3.665587 14.86722 10.18131 52.86751 24.6992
  21.65746 -27.26623 -53.40907 -37.16879 -36.72211 -16.72598 -33.41308 -27.76394 -2.327997 1.513696 8.126525 55.95374 24.7015
  21.74117 -26.86276 -52.61587 -34.6418 -38.95544 -16.23882 -37.57475 -40.369 7.13886 22.05374 11.67515 53.32368 33.59512
  22.11192 -24.77254 -50.37625 -32.46617 -41.35435 -12.11199 -37.53478 -43.36299 4.393502 15.47618 9.617676 57.84247 30.62087
  22.72309 -22.87626 -52.44645 -35.28551 -46.6284 -13.67053 -32.29388 -25.83133 -1.961599 -4.274557 18.00859 64.53119 42.82126
  23.20223 -20.89483 -52.77163 -42.07539 -49.95207 -13.0189 -24.59979 -40.18926 -8.142954 -1.337979 14.28452 61.99027 39.43203
  23.58381 -22.05873 -50.80547 -42.98711 -56.53754 -12.64515 -10.41877 -42.00049 -21.03712 0.1663782 14.10202 66.42392 36.93091
  23.76706 -17.86905 -51.11377 -50.15276 -44.31828 -5.262255 -10.65468 -37.18139 -16.74811 -7.202209 14.76836 57.21698 40.0936
  23.61662 -22.94963 -53.49531 -44.93601 -39.25698 4.894127 -6.588486 -35.6904 -21.30685 -13.49607 4.895348 50.21366 31.99216
  23.14935 -27.17406 -53.60174 -43.0697 -32.22241 16.16214 -5.235095 -31.40769 -8.698165 -3.529243 -2.664382 54.19801 38.48317
  22.74896 -23.07053 -53.55953 -41.75763 -35.74009 0.4851353 -17.578 -33.64204 -11.16428 5.051765 7.556394 56.92532 30.72206
  22.38346 -26.43682 -56.12165 -42.61028 -40.74781 -9.025618 -32.28493 -44.84296 -11.68995 10.08502 12.69254 51.77984 35.34807
  21.9563 -24.05965 -49.72118 -36.10313 -42.53706 -17.30768 -37.33822 -50.14022 -3.922112 21.39019 10.58429 45.92435 32.05406
  21.95136 -23.94014 -46.35113 -38.84622 -46.40602 -26.12802 -31.55423 -45.32107 -6.242494 10.42908 15.36442 54.54024 31.06484
  22.29321 -23.47056 -47.7506 -35.45765 -49.58982 -21.16293 -42.4311 -53.28379 7.862159 12.24973 -6.77612 56.14254 30.11266
  22.46194 -23.37073 -48.96832 -36.5391 -49.54381 -7.594586 -39.93561 -55.67023 9.722789 13.60983 6.814769 53.53701 29.90969
  22.45287 -22.89791 -45.60389 -37.41557 -58.00806 -11.86261 -28.91504 -56.13559 -1.460059 6.083533 11.64239 54.33971 28.07314
  22.42903 -22.44832 -40.60831 -36.0278 -56.33542 -21.02858 -25.7191 -46.66407 -11.46529 11.43519 11.95124 65.28764 24.20169
  22.65448 -20.11724 -43.98737 -36.35256 -51.44661 -22.45771 -41.78283 -54.67735 4.079018 9.349594 12.05434 71.01331 18.78514
  22.98566 -19.91668 -46.54321 -38.92914 -38.91777 -18.61224 -56.26415 -47.84063 9.86615 22.62838 14.27853 52.97007 23.41801
  23.16117 -20.50682 -50.23117 -36.98905 -45.71016 -15.80744 -56.74098 -53.67926 12.2801 9.892243 26.19202 39.97274 15.55214
  23.26692 -18.38891 -51.36717 -35.46534 -39.94375 -18.42507 -52.42035 -46.49022 1.185843 21.18312 29.86809 38.36708 21.02591
  23.23549 -18.29546 -51.09457 -39.93902 -44.30268 -20.04356 -48.36887 -49.04613 -0.237091 15.02937 25.26201 36.84658 20.55802
  23.14165 -18.59647 -45.13285 -38.32224 -49.25117 -19.45164 -46.51545 -53.41547 -2.87076 23.43742 16.14351 47.16419 30.73922
  22.8833 -19.88716 -40.73145 -34.10208 -52.36021 -23.55303 -46.38908 -51.63012 7.808217 17.75652 12.1534 58.18203 20.28428
  22.79184 -21.04838 -42.80861 -35.43803 -54.53504 -21.01482 -37.38061 -49.22923 3.685247 7.08043 10.80733 57.03342 25.25201
  23.03341 -20.82589 -45.51339 -45.24548 -52.36958 -12.12662 -31.56812 -36.64041 -7.74427 3.70599 2.603835 68.26223 44.28667
  22.95798 -23.30122 -48.61189 -49.24667 -53.94616 -13.78204 -23.77727 -43.46864 -11.73609 -0.4714436 3.419396 61.2085 44.57995
  22.77415 -22.80046 -49.51908 -41.93021 -38.80917 -6.495471 -33.6575 -33.05872 6.761415 9.027609 27.7157 51.40099 41.30781
  22.91169 -24.9147 -56.18202 -40.24384 -37.83825 3.435537 -23.37867 -39.96962 4.346411 19.75908 8.36219 46.30608 29.41867
  23.1203 -22.79449 -52.84628 -41.68399 -42.09135 -0.7072856 -23.02203 -48.52937 -3.923109 15.26933 12.77049 51.90015 28.6864
  23.35102 -21.55363 -49.89955 -39.06486 -49.55623 -3.21785 -25.70053 -47.76952 0.6356329 10.25305 21.40519 61.2603 34.81842
  23.88003 -20.40768 -57.46566 -43.43418 -39.22963 -4.826001 -34.68323 -54.21843 4.424455 17.76313 7.897562 59.19228 40.63203
  24.06262 -20.36893 -59.90944 -47.8162 -43.95041 -4.345102 -38.29195 -65.5325 -3.542789 22.18815 -1.049688 45.00061 46.82341
  23.75288 -19.5619 -54.57639 -45.05757 -38.93431 -9.014955 -41.75739 -50.83242 -4.322061 19.7964 15.99861 38.6776 36.7435
  23.54678 -19.18594 -49.0014 -38.15602 -42.62429 -11.1641 -43.16755 -46.64927 12.37287 12.96764 20.92067 51.76064 33.04217
  23.91955 -16.75305 -49.61436 -38.62412 -56.24494 -16.9282 -36.38322 -39.02173 -2.954278 -1.445713 9.925153 68.52995 39.53562
  24.29304 -14.21026 -48.13687 -44.45404 -56.99773 -24.29427 -27.53405 -38.48644 -8.538032 -2.444396 15.86674 66.3252 46.47887
  24.38931 -13.54955 -42.91724 -39.07928 -66.73203 -20.73143 -14.70529 -45.27888 -15.20891 -6.523864 22.0715 61.30001 48.3938
  24.15508 -16.58995 -39.67838 -33.78035 -68.98045 -16.99482 -14.82801 -43.24317 -8.134031 -14.54729 19.40623 76.42661 43.54694
  23.55264 -18.57794 -43.52031 -36.66437 -53.78 -19.08335 -28.38279 -38.90828 -8.353552 -1.10834 23.11894 63.20418 47.37248
  22.59269 -25.30685 -47.93914 -34.87981 -51.27665 -25.34435 -38.1636 -43.05516 -10.20475 9.670042 9.853401 50.5111 33.21043
  21.83907 -26.9161 -44.99033 -29.64781 -49.75588 -21.06048 -33.4521 -30.24369 -0.1768014 -2.613507 20.40833 56.15748 28.7222
  22.25246 -27.99487 -51.68784 -37.13353 -46.58895 -13.71797 -41.23456 -38.20262 8.717877 5.050278 4.979995 38.14082 34.42746
  23.20537 -24.94173 -55.7621 -39.63201 -43.26067 -7.21261 -25.47696 -40.11301 14.65277 -0.6153923 -4.498436 59.32419 50.19888
  23.68504 -23.49851 -59.69174 -39.75066 -41.94805 -4.862501 -33.1448 -46.24277 14.52456 -10.66212 1.436081 65.08646 49.48526
  23.73456 -23.91871 -65.03959 -43.92652 -43.05724 -14.82899 -35.60559 -40.67379 1.93179 -4.094713 6.190809 54.61141 52.49782
  23.68795 -23.9319 -57.96842 -45.56494 -42.52943 -2.872125 -31.34781 -38.20283 8.289232 -5.146883 19.01903 47.77741 53.76708
  23.71646 -25.34485 -55.82473 -40.57434 -36.8997 8.299685 -20.11341 -40.14914 -2.186446 2.5484 18.18353 49.30338 51.80902
  23.67063 -27.46281 -58.82006 -40.43781 -46.79395 5.946207 -17.22421 -32.3604 0.4499833 -9.959295 13.06717 55.17015 50.59546
  23.27215 -25.68893 -56.86636 -42.33413 -43.52013 -6.823841 -6.218972 -33.72351 -0.6393958 0.5509192 11.81553 50.74496 56.27856
  22.8576 -25.46309 -50.02482 -34.03185 -38.74391 -8.581453 -16.73851 -23.46523 2.035093 7.739673 20.58266 64.13206 46.33744
  23.66935 -24.05625 -54.40708 -46.36702 -42.16168 2.474264 -22.03265 -27.30758 2.779376 6.092574 20.20248 67.52962 51.40231
  24.34783 -25.30691 -64.46552 -45.31116 -41.62813 10.22164 -17.83907 -31.85501 1.806792 -1.381461 20.31308 65.57823 53.15707
  24.41756 -28.56881 -68.58315 -47.88855 -39.06742 12.76392 -19.07973 -33.13734 -5.444177 -10.55026 9.707539 56.17761 47.74607
  23.90861 -28.0175 -63.55921 -40.34687 -35.79279 8.004604 -10.35505 -34.48658 -7.039662 -3.09484 -3.989737 63.9297 43.98428
  23.01347 -30.38345 -52.61586 -37.42577 -44.85476 1.323722 -11.38941 -33.60161 -4.982585 4.178492 -0.1997351 69.31602 33.67446
  23.5509 -27.06879 -59.77126 -36.46062 -44.83024 3.369625 -18.02039 -28.1126 4.916239 10.69697 11.28983 74.95863 47.42412
  24.56671 -24.00191 -57.30506 -37.4761 -44.7966 10.7619 -14.46157 -25.60549 -1.035964 -14.45961 17.2328 63.88194 58.70341
  24.93782 -23.76952 -57.74761 -41.4235 -47.30657 10.51017 -6.045444 -22.55461 -8.677734 -18.45397 14.86755 68.0107 54.90599
  24.69027 -24.49879 -61.84517 -53.3691 -41.04762 6.77895 -6.34135 -34.37245 -7.079306 -6.417997 -4.390528 68.10153 54.68753
  23.84682 -26.73993 -64.07497 -49.75301 -36.51202 -2.947042 -9.085752 -31.99999 -5.611296 -4.360621 -7.303906 52.64716 41.6805
  23.18768 -27.34124 -54.4622 -43.5951 -33.44175 14.41365 -8.391266 -23.00836 -2.845496 -11.55029 -3.111668 40.06866 35.74835
  23.71144 -26.3858 -50.9115 -43.5633 -52.80519 18.94833 -0.2973805 -28.03668 3.911726 -18.41163 10.14537 59.13818 45.7098
  24.12259 -32.72521 -63.11816 -47.29374 -49.63764 12.91807 -4.992768 -35.56806 -16.40434 -13.68127 -0.3804179 46.18681 48.59909
  24.13898 -31.37458 -61.20253 -45.54416 -42.40073 15.45398 -8.333312 -30.83773 -10.0878 -12.48121 -4.268981 40.38335 48.48386
  24.03762 -27.33158 -63.09472 -40.51357 -39.39202 3.416659 -19.68152 -25.45892 -10.19389 -10.73573 7.621249 37.67849 52.54453
  23.80845 -24.76824 -61.50943 -40.26252 -39.79236 1.859709 -24.61827 -38.05168 0.1740252 4.649191 6.740492 52.1634 59.08094
  23.3887 -26.17814 -57.26969 -41.08855 -42.34033 -1.993588 -24.48633 -44.38956 4.844456 17.66278 -2.712781 59.24182 56.25269
  23.01532 -25.41875 -55.01109 -38.37558 -43.49685 -7.824908 -27.36487 -41.38018 4.20653 12.90633 2.117623 57.72896 44.02863
  23.29468 -24.46622 -52.02877 -42.66047 -46.71584 1.166545 -20.5818 -42.39841 2.169469 5.875282 13.68048 61.3973 45.42712
  23.87389 -25.46745 -53.24594 -43.19183 -52.36401 0.0701332 -11.19633 -33.6091 -6.745236 6.324511 14.43018 67.05772 50.23398
  24.33475 -22.76716 -47.68198 -40.84911 -55.78827 -2.872793 -6.480288 -26.70619 -6.874485 -11.5921 10.77722 83.28938 52.9218
  24.56675 -20.28913 -49.047 -43.31008 -51.32769 3.562782 -11.25997 -37.44892 -4.421317 -9.637188 11.28145 67.18114 53.67279
  24.60036 -17.99372 -54.10001 -44.27858 -53.01954 -5.842022 -13.62978 -40.52103 -7.801132 -4.593164 15.08768 63.22526 52.4267
  24.55433 -20.01849 -59.0295 -49.42426 -55.32559 -15.83311 -20.85081 -40.03687 -4.660911 -2.779108 23.06641 66.54378 52.23209
  24.37369 -18.26436 -55.79539 -46.0815 -53.93048 -2.605161 -24.68227 -39.2295 3.5552 6.207201 17.45343 68.30357 49.39324
  23.92207 -19.87709 -50.28332 -40.14945 -48.55889 4.311273 -25.98194 -41.78247 12.77786 16.1246 14.1806 63.70496 49.42629
  23.40542 -22.1723 -49.17286 -36.39922 -39.61899 -4.255371 -33.85847 -48.66712 10.06309 28.32874 15.3089 36.52122 43.13102
  23.56387 -24.54624 -58.25179 -40.62852 -39.33065 -3.60204 -38.76072 -54.4193 -5.689943 20.2885 2.95752 32.68946 46.44341
  23.7701 -21.27812 -58.1549 -44.4775 -34.22297 1.694697 -33.24035 -56.52299 6.344679 21.41559 5.438127 54.12106 57.1216
  23.65708 -20.48403 -55.18871 -42.07735 -41.34539 -0.6830369 -29.93221 -45.85832 3.359899 16.22756 15.71872 54.76086 50.72371
  23.34087 -24.25662 -53.67232 -49.53056 -54.16727 -11.7008 -33.62106 -52.75376 -8.630177 7.137146 7.568958 57.81799 38.73326
  23.24726 -24.27711 -56.19713 -47.37288 -40.10211 -8.437862 -38.56676 -55.37031 3.997206 7.706765 2.716285 52.32101 29.92499
  23.18056 -23.80682 -57.53288 -41.76884 -40.55252 -9.106536 -31.10039 -49.91885 7.50551 9.388762 2.509611 56.757 37.13063
  23.2831 -25.26604 -54.71172 -39.55239 -47.725 -6.513481 -14.90716 -27.23376 4.155036 -11.85407 4.86027 63.43303 38.53822
  23.48856 -24.468 -49.43105 -36.91028 -49.85596 -5.630085 -4.429404 -21.72239 -5.608388 -18.30333 5.611259 71.12128 41.31365
  23.36095 -25.75242 -49.43181 -41.81629 -54.04008 -5.575861 -6.525088 -26.47761 -12.16087 -10.67513 6.577272 67.93074 35.83653
  22.85238 -22.40758 -45.13484 -45.3233 -52.05307 -5.055971 -16.694 -33.5529 -3.864147 1.681314 16.27943 68.43143 40.05705
  22.26814 -23.81884 -45.98268 -41.46942 -47.772 -14.47044 -33.02753 -36.68551 -5.307014 20.95897 18.04717 53.24704 35.35921
  22.16219 -24.98786 -45.80019 -34.85447 -45.70629 -16.80746 -47.68846 -53.42615 13.17157 23.7159 13.22482 36.29891 19.30799
  22.31959 -23.9977 -49.05497 -33.32391 -40.12316 -27.81289 -49.64002 -45.83058 3.694866 25.58492 23.62708 39.51505 22.57625
  22.68422 -23.78357 -48.87683 -35.69164 -55.57083 -20.83267 -36.0744 -46.14061 -9.569656 9.748763 26.22993 45.01193 27.00155
  23.1266 -19.9806 -48.2192 -40.64274 -48.65529 -4.378934 -34.91133 -48.05072 5.326762 13.71804 13.67528 53.37858 43.13213
  23.351 -17.8697 -51.59317 -41.48676 -37.92601 -12.59805 -30.22701 -35.15097 -0.9733657 5.805999 18.75022 66.73474 43.92439
  23.26961 -23.09147 -51.69733 -41.13476 -47.16795 -12.90883 -30.24973 -40.61667 -13.11306 0.9937515 18.09718 62.56864 41.13487
  22.93509 -23.42764 -49.25821 -45.08763 -55.79934 -12.78618 -27.53738 -48.95228 -6.841464 3.982091 10.02413 53.8221 43.04381
  22.54093 -24.20728 -46.92183 -35.68449 -60.94272 -10.88476 -28.13738 -37.5386 7.766354 -2.422595 8.389451 56.21579 36.37836
  22.41819 -25.03664 -53.66457 -36.07375 -53.76421 -12.84039 -23.73838 -39.00558 0.2569024 0.8001395 -0.06097775 60.75562 33.44839
  22.37174 -25.78446 -51.26043 -44.36905 -46.46963 -8.262676 -25.25493 -39.5648 -5.255551 -0.6449622 12.14571 63.57677 30.30794
  22.31208 -24.12953 -46.40844 -44.96009 -43.71709 -8.187689 -26.96955 -36.75553 -8.261312 1.420733 18.30455 65.18655 28.72023
  22.68729 -24.29702 -56.53612 -43.99678 -43.23327 -11.81748 -37.60719 -44.134 -7.559733 7.330907 11.62943 62.55439 32.06165
  23.19301 -19.54172 -55.04992 -42.16607 -40.12321 -10.36383 -31.9941 -44.28917 -6.130091 18.78899 9.378958 53.81778 38.23772
  23.57047 -18.90897 -55.42262 -44.95195 -45.46891 -6.170967 -34.61236 -58.40254 -5.431534 17.11428 10.73072 50.44941 30.46938
  23.68865 -18.03211 -57.94356 -39.63834 -44.39578 -9.921965 -26.76156 -66.51357 -7.894317 11.3113 18.87308 52.71484 25.90153
  23.46582 -16.48044 -49.79268 -49.11882 -47.39749 -7.385125 -22.29354 -59.92509 -3.448985 9.235424 16.09026 51.13043 35.19536
  23.14262 -18.63507 -50.6712 -50.37569 -40.71558 -6.78743 -24.80419 -58.2867 -16.40612 18.377 0.9543865 38.32291 38.88831
  22.95612 -22.15035 -56.35896 -43.70885 -28.20752 -2.509888 -30.60205 -54.75998 -20.17384 13.4662 -0.526692 38.39634 40.86992
  23.03551 -21.86641 -58.27703 -40.62255 -28.45814 -10.06136 -43.39239 -44.6719 -2.655695 11.65307 13.4466 41.78637 32.00499
  22.99549 -23.76192 -56.53885 -37.14659 -27.30574 -18.97487 -60.32686 -48.15327 4.741405 24.70939 5.641201 43.26787 20.63896
  22.80493 -24.42285 -51.33054 -29.84538 -35.78316 -21.14292 -62.13014 -57.14879 17.28322 24.46377 3.032176 51.66142 9.271298
  22.61114 -21.4679 -46.02631 -36.45819 -45.89837 -19.21888 -47.53801 -50.54053 8.137842 10.08531 12.549 59.65203 15.34053
  22.73083 -19.20156 -48.95582 -37.49417 -43.35059 -25.55381 -40.71295 -49.59937 1.54186 15.54349 9.006498 57.62138 20.64471
  22.93233 -15.93039 -42.22972 -39.28088 -52.06967 -22.03718 -36.00758 -49.71684 3.503963 10.99495 7.113473 56.44926 31.85003
  23.00061 -16.24331 -39.53772 -35.03531 -55.94156 -30.82331 -32.25022 -40.6599 -15.29549 8.17309 23.24143 51.71262 33.03062
  23.06206 -15.16893 -42.53585 -34.80659 -50.78081 -29.50829 -39.54189 -43.05716 -17.68018 22.27293 20.46645 47.12737 30.70087
  23.06565 -13.01891 -42.23239 -36.795 -53.3309 -22.09303 -38.80816 -61.36887 -2.676462 26.50653 15.31078 50.61742 34.78796
  22.92133 -14.61864 -41.06114 -35.2346 -54.16153 -23.98143 -45.75762 -47.82923 -2.554035 16.23923 19.05143 51.45753 29.35102
  22.66609 -16.07617 -37.10771 -28.93587 -56.66431 -25.59799 -39.96639 -45.99039 -2.061916 11.06814 25.4515 56.33642 22.27155
  22.50215 -17.28783 -47.60414 -29.74283 -48.31442 -36.41404 -44.65404 -49.86951 -5.333328 15.72533 17.45201 49.43707 21.23699
  22.39151 -16.2582 -47.70912 -33.62248 -53.29084 -20.9938 -38.3489 -39.07654 -4.660707 1.333235 23.0791 52.74213 27.70108
  22.14896 -16.98971 -48.27491 -37.10121 -50.7888 -14.52491 -45.86991 -47.2766 -5.704895 4.154954 20.00555 54.88362 33.77298
  21.89692 -17.64067 -49.07363 -40.14232 -48.12779 -16.47036 -50.62327 -48.97526 -4.221529 11.04202 9.378912 58.03326 23.6008
  21.9684 -17.53069 -47.0823 -37.99168 -53.23024 -6.731078 -33.23708 -49.00623 -3.110727 3.377994 17.37431 58.10413 29.57352
  22.0717 -17.19165 -52.48775 -43.05832 -50.02181 -16.99381 -41.15838 -48.24326 -9.037525 -1.704038 12.18264 61.52201 38.4427
  21.79662 -14.98472 -49.24276 -43.54448 -41.92865 -23.76234 -41.73993 -33.58728 -10.18462 5.719537 8.385112 60.34882 43.54128
  21.28972 -19.481 -44.25373 -42.34204 -53.4052 -21.15282 -43.81939 -36.65792 -8.379163 -1.016875 17.04119 58.34187 24.14874
  21.09004 -17.80066 -49.13262 -42.75455 -46.77725 -15.62788 -45.74778 -49.67048 -4.462881 17.27674 4.564933 47.69764 32.20652
  21.20733 -17.46551 -51.43962 -45.27315 -43.7033 -13.19233 -40.72272 -52.57887 -5.366652 20.19709 4.901393 44.22642 43.08567
  21.24811 -17.84698 -49.83649 -44.38667 -51.01044 -16.07264 -32.46004 -41.88835 -4.669775 1.91189 8.734366 61.16362 45.12406
  20.9732 -20.02693 -50.17604 -45.03719 -55.33903 -24.91975 -27.50885 -41.77503 -16.16909 0.8387506 9.861105 57.83408 41.10867
  20.40187 -19.49379 -46.95311 -33.40753 -45.24118 -19.6695 -27.19714 -41.7268 -6.165022 16.23532 9.649937 51.34042 44.63684
  20.13662 -21.74906 -55.35717 -32.49904 -36.48903 -16.23127 -43.47546 -56.6819 3.393933 21.23021 8.990207 34.12847 29.98544
  20.34614 -22.57021 -55.40602 -32.01971 -31.8366 -20.02883 -56.46922 -51.46724 -1.436857 25.08991 16.7986 30.71268 24.40267
  20.28069 -19.77116 -52.40295 -39.37852 -46.30296 -9.503321 -42.426 -47.97264 -0.09309248 17.48512 14.08419 50.73726 25.18372
  20.28565 -16.14787 -50.76768 -38.87368 -48.95813 -7.469065 -31.64345 -49.55261 3.399021 12.53664 14.01141 57.93433 27.53013
  20.38131 -18.53473 -52.37345 -42.44428 -49.6184 -11.23276 -32.67797 -54.90326 6.669617 7.203362 2.43496 57.81827 48.18921
  20.33169 -19.71658 -56.56847 -37.26294 -53.02542 -10.55725 -30.17747 -59.20909 8.193384 -9.482882 8.978558 66.62437 37.6823
  20.04642 -19.46432 -49.45146 -37.09572 -55.52529 -16.40589 -23.54513 -43.2495 -7.419489 -6.048861 22.08761 66.06015 31.84634
  19.55937 -17.71372 -39.88684 -36.55974 -56.59902 -17.24493 -31.25254 -33.32036 -8.910504 6.228666 25.85129 48.23007 34.78837
  19.36558 -19.61297 -40.71254 -32.4255 -52.44888 -21.90734 -56.57504 -51.93784 9.755705 25.76674 12.52134 38.63552 28.03495
  19.89425 -18.06939 -49.48564 -35.14895 -50.93218 -15.21617 -41.66667 -49.05778 2.561015 19.0174 9.945815 42.38924 40.55943
  20.55038 -13.69883 -50.65326 -44.5907 -48.81472 -9.821756 -26.20597 -42.13659 -15.37263 17.48868 16.04591 49.80143 46.83164
  20.81288 -13.00649 -49.36814 -53.78777 -43.23038 -4.577677 -32.59126 -34.40796 -5.673703 -2.590675 20.4342 68.91186 45.60676
  20.60219 -16.2121 -53.50063 -53.65337 -54.68287 -13.46393 -36.48892 -36.4093 -11.8733 -13.25601 11.48127 56.64148 41.52224
  20.01528 -17.22659 -50.84167 -39.24632 -61.28924 -16.25582 -17.69837 -29.96535 -15.465 -4.254865 22.52708 67.47055 39.6984
  19.47149 -18.33406 -51.28753 -37.25425 -50.01243 -7.393091 -24.04527 -34.82349 -6.548794 -1.437763 9.335936 62.06794 40.55064
  19.23915 -19.68961 -56.27131 -35.93514 -44.45983 0.3103831 -19.86216 -40.89307 4.249876 -1.733046 5.509728 63.26693 35.45184
  19.27987 -19.13791 -51.25789 -41.99358 -53.60447 -4.052494 -19.59356 -37.13875 -8.838718 4.529741 13.35913 58.09235 38.89747
  19.41663 -16.58175 -48.42958 -42.86465 -57.09812 -10.91267 -25.17637 -34.67733 -16.27838 1.780349 22.75207 67.88381 40.78346
  19.41249 -13.23199 -43.07095 -39.39802 -61.07761 -15.52832 -28.90654 -34.67018 -9.841177 -4.72719 23.35298 57.72961 46.8983
  19.09507 -13.55837 -42.86629 -34.89666 -56.86711 -20.17536 -38.25188 -37.75885 -2.935896 7.067846 12.47413 66.24373 32.87602
  18.75805 -15.39246 -44.06891 -26.52545 -56.56235 -27.94301 -35.39552 -45.52065 -5.541783 12.61605 20.25119 63.54226 23.17535
  18.59794 -13.71966 -44.90972 -27.75468 -61.99422 -28.66009 -17.63139 -43.08295 -12.17472 -0.6421881 20.61656 61.49329 38.89869
  18.50045 -17.79005 -47.32006 -30.82399 -65.9166 -19.53125 -22.77762 -53.29196 -11.83976 5.221391 6.5922 65.2578 32.35738
  18.36926 -15.66729 -54.1177 -28.8576 -57.02958 -14.84348 -25.74437 -50.32587 -12.62936 13.69923 11.70643 54.58224 39.50834
  18.24261 -16.08845 -50.13443 -30.46673 -50.93241 -13.49068 -28.81051 -49.56779 -3.679518 7.23556 14.88306 58.72421 39.32982
  18.0475 -17.24861 -54.80452 -32.17631 -54.38914 -15.04503 -36.94739 -64.07407 -3.342683 8.456001 3.234592 49.60727 32.46522
  18.06228 -15.76679 -43.97211 -28.81767 -54.16084 -13.2402 -35.067 -55.37945 -2.984092 12.709 13.59897 59.00512 46.24566
  18.1691 -11.93922 -42.36172 -32.10503 -56.32745 -26.37134 -30.25104 -41.38131 -16.27985 8.233527 20.80663 56.8527 30.98371
  18.25856 -9.901389 -43.14498 -34.11243 -60.40628 -24.53022 -37.98967 -38.5475 -10.64218 3.333102 21.94699 55.77789 31.05408
  18.37126 -12.31484 -44.64395 -29.79209 -54.20748 -20.49763 -39.10877 -48.2384 -0.5064103 7.560981 15.06269 65.45479 30.65061
  18.48102 -11.49174 -50.01186 -31.40936 -59.22366 -14.52892 -36.92611 -52.72159 -0.8297136 1.451881 13.93166 58.48599 39.44244
  18.44167 -10.44342 -45.67157 -28.9491 -59.19396 -16.39706 -25.90728 -54.06208 -7.278962 9.126754 22.66734 60.09092 40.87318
  18.17833 -12.56946 -46.11908 -35.69745 -57.6781 -21.88799 -51.17145 -56.0266 1.875282 6.765018 16.19982 42.30505 30.88282
  17.86104 -12.22641 -42.44409 -29.68245 -49.63005 -23.76649 -59.72415 -43.12764 8.900124 18.73743 19.97801 47.53404 24.41379
  17.35158 -13.75948 -40.84867 -21.34118 -48.96955 -29.13138 -45.73234 -39.04013 2.293543 11.32767 28.54131 54.31412 27.74113
  16.66275 -14.83974 -44.58461 -19.80077 -43.41378 -23.90428 -38.69646 -39.33348 4.59404 23.28739 23.16133 44.39456 28.44928
  16.4745 -17.62301 -50.89264 -27.56376 -40.359 -1.78096 -22.619 -49.39514 -6.52735 15.18163 16.72813 44.78166 35.90929
  16.65975 -22.98755 -55.86777 -32.56622 -39.08697 11.24814 -14.13876 -42.73029 -18.81952 -1.522941 0.3214299 46.76611 42.25399
  16.68741 -21.15739 -58.71449 -33.2521 -40.66623 2.294407 -26.32608 -49.59709 2.022309 9.379304 2.120477 47.03806 36.79966
  16.50853 -19.55624 -56.63841 -31.19144 -38.94666 0.1998927 -29.13424 -45.2058 10.9237 14.76852 9.535915 56.13248 37.97561
  16.5327 -17.9154 -52.822 -36.66079 -43.55071 -6.766149 -37.23232 -36.97314 9.064301 4.4637 9.586476 62.97353 47.16647
  16.56726 -14.40998 -53.90643 -36.0167 -38.25164 -12.68032 -25.67918 -36.09449 -7.984932 1.447531 24.97562 56.9185 39.70543
  16.48619 -14.6517 -47.98976 -39.11257 -43.86566 -10.66053 -17.20168 -27.53012 -14.70533 0.5138508 18.71832 55.52322 41.67759
  16.06611 -17.7283 -46.60221 -43.11512 -37.36138 6.856257 -30.73478 -36.71238 -0.3532591 3.474478 11.7527 44.67102 40.99975
  15.39705 -20.37432 -50.65689 -35.69359 -38.48901 5.227697 -27.93292 -38.59801 5.816683 10.28615 14.39992 45.62704 42.63081
  14.91725 -21.00475 -46.25301 -24.6243 -38.67248 0.1139933 -24.93172 -32.58425 5.607808 15.35116 9.823236 33.71424 33.18284
  14.95388 -20.94792 -51.79026 -24.87086 -28.3944 3.854236 -23.38694 -34.18423 6.385828 23.12561 6.324864 31.10227 36.56813
  15.04584 -19.6947 -51.28608 -29.7441 -32.5285 -2.730945 -27.4574 -32.94048 -0.12631 12.72392 6.877313 39.45571 37.68525
  15.31997 -20.00815 -49.03009 -26.01595 -44.43414 -6.270622 -26.62197 -34.16565 0.1584989 12.25025 13.99621 50.48684 34.95824
  15.77805 -16.93396 -44.34289 -23.34415 -49.03093 -11.18685 -11.70961 -38.27727 -5.760637 -1.270487 12.1109 69.1925 33.67752
  16.04167 -12.53865 -46.63073 -30.46218 -39.40534 -15.90072 -23.98984 -28.21119 -6.655213 -1.362877 11.28825 58.34118 42.54636
  16.15663 -12.54514 -49.83872 -39.48801 -43.22964 -8.697539 -28.45103 -34.93399 -0.02904794 1.948528 22.87231 60.79028 34.19362
  16.33458 -13.2216 -49.93761 -42.92588 -45.41986 -6.417307 -32.6885 -43.82032 -1.182776 4.38483 19.20481 56.01292 43.37135
  16.45551 -13.1142 -50.50038 -38.44215 -47.72548 -7.037898 -26.72639 -47.56508 -8.060339 11.38337 12.42426 52.66558 47.1652
  16.17735 -12.40163 -51.01168 -43.41789 -46.993 -15.76297 -28.14523 -54.9156 -7.465987 13.34971 8.864738 50.85635 43.92879
  15.76236 -13.94869 -44.84782 -32.58541 -43.71629 -20.54997 -38.56795 -47.11029 -0.584307 24.39797 7.404574 45.92623 44.18938
  15.66261 -12.70088 -48.18914 -33.61712 -42.71686 -13.12621 -28.24825 -49.4841 -4.491766 19.78304 12.13556 52.14092 48.30109
  15.69198 -12.00529 -45.74444 -28.12774 -47.89731 -18.84324 -20.42113 -48.47997 -8.749948 16.22841 19.11535 51.15984 41.55956
  15.65723 -12.54926 -45.37201 -31.31399 -52.71816 -7.900879 -28.95759 -62.81482 4.23287 25.22292 6.526936 49.53275 41.41422
  15.85974 -12.85416 -44.04488 -29.17168 -59.90498 -11.12352 -26.86175 -53.41642 -2.868247 13.73435 8.969107 51.52265 32.93047
  16.0398 -9.818741 -38.99003 -30.46451 -55.91452 -16.62178 -21.14286 -40.99267 -6.153857 7.380846 16.84524 63.05474 46.58867
  16.16195 -8.397127 -44.33547 -37.04706 -46.07012 -12.81363 -25.93763 -57.17811 8.555027 11.61034 10.36767 60.32989 41.11599
  16.0458 -7.203481 -45.57912 -33.23081 -46.10129 -10.15418 -28.244 -50.06112 6.906256 8.420332 16.09917 56.40236 42.40665
  15.74891 -11.67735 -46.19245 -36.66977 -51.45343 -23.23252 -32.90606 -51.42476 -6.747569 -3.679483 17.32898 54.06738 33.39399
  15.38287 -9.980473 -38.78104 -35.81522 -45.32587 -14.72472 -30.92428 -39.62701 -9.101777 5.795335 30.08037 46.7673 24.67509
  15.12309 -8.43087 -39.69386 -34.13526 -42.82281 -3.403393 -24.69604 -48.93061 8.572715 14.38834 12.29695 52.34756 31.67859
  14.93156 -12.76228 -45.65144 -28.08507 -43.54013 -6.597947 -24.24949 -57.70929 18.22027 12.05784 16.64781 58.29083 32.37614
  14.87819 -16.13823 -49.67948 -23.09843 -33.28122 -17.1909 -36.11964 -51.82582 6.876849 22.6207 23.64117 46.32016 32.80497
  14.96132 -14.65953 -51.33162 -27.11888 -37.92084 -6.255525 -26.87661 -51.81804 4.206682 17.77571 19.82434 52.9619 42.09775
  14.82091 -14.10765 -47.39336 -31.54527 -34.15928 -2.488622 -24.56256 -48.58368 4.515183 10.85944 11.97934 51.92731 32.93768
  14.66388 -14.60758 -44.45928 -29.09624 -30.78913 -5.356648 -19.47054 -30.24546 -5.179195 7.422655 24.11511 57.24691 41.73687
  14.69847 -12.89307 -43.39349 -28.42026 -35.33033 -1.656679 -9.793343 -35.36145 -3.883573 -0.1902485 11.5103 58.34009 44.51526
  14.7288 -12.72645 -47.06556 -33.09689 -26.59334 2.287559 -22.71463 -45.28095 -3.062385 11.36813 16.45868 48.37257 38.04019
  14.61713 -14.59111 -46.31222 -27.45869 -30.62827 -3.688903 -35.20121 -56.95338 11.13987 25.82497 17.06848 44.56292 30.14098
  14.74919 -12.87086 -45.17805 -30.20696 -36.80221 -5.754296 -28.67613 -52.93233 14.25621 20.99083 16.29655 49.68996 32.31737
  14.89037 -11.66027 -46.23126 -34.67622 -34.98276 -5.699251 -25.59009 -52.87907 6.083856 12.27136 20.35631 61.72949 39.44675
  14.90687 -12.68992 -42.54117 -33.85263 -39.13054 -5.994574 -37.18922 -49.72892 8.987477 2.11692 13.37558 57.62916 41.97578
  14.67016 -11.07446 -36.3398 -41.93808 -37.68953 -11.3917 -34.86612 -48.31226 10.11303 -2.103053 19.5872 69.62685 30.29372
  14.54717 -11.01437 -35.00806 -39.84831 -40.80997 -15.17373 -30.59348 -43.75238 -6.649378 4.983887 26.72956 63.45958 26.69466
  14.58713 -10.97744 -36.97469 -43.26585 -36.81686 -7.65865 -37.75098 -59.86903 5.469239 21.64606 14.03453 49.1328 29.47013
  14.65902 -8.663368 -37.0496 -37.59029 -34.10921 2.161946 -35.81804 -58.03768 16.41592 21.76118 14.88854 46.43454 38.69098
  14.61765 -9.584337 -38.83374 -36.02163 -32.68571 -11.17854 -28.36804 -51.24354 8.420796 26.48814 10.51102 51.44514 42.18267
  14.3973 -11.28806 -39.55818 -32.94046 -32.27331 -15.35041 -37.85835 -48.8441 8.723144 35.15118 18.81167 40.51721 39.90143
  14.31731 -9.138493 -37.29252 -37.63593 -32.38767 -9.504217 -29.61833 -46.26801 7.219698 23.16056 10.59023 50.07733 38.28382
  14.42854 -11.50922 -37.45911 -33.78063 -39.31399 -9.734241 -25.53916 -47.52557 4.137731 9.533484 13.31305 61.70621 36.39164
  14.49422 -11.48008 -36.81567 -32.16398 -44.7989 -14.72693 -13.97647 -43.74199 8.171445 4.621054 16.54286 64.72191 45.23889
  14.49604 -10.89681 -39.75042 -34.61784 -38.36124 -15.59379 -27.52168 -42.69923 7.5586 2.112168 20.43866 57.68261 42.19506
  14.41324 -8.038748 -39.68632 -41.61323 -28.50356 -18.66803 -30.67856 -36.9382 -6.339357 4.979587 26.4079 51.06754 36.75842
  14.28034 -10.42952 -36.58368 -42.94547 -37.71255 -11.355 -31.18135 -44.61238 -4.725457 1.658496 21.94418 61.60507 32.29031
  14.08177 -10.6545 -36.23554 -37.27539 -39.54047 -14.11466 -20.00347 -42.07475 -11.57656 11.36761 21.71527 51.72811 43.44197
  13.77903 -12.27936 -39.27488 -41.43371 -36.18027 -7.005831 -22.79092 -45.61731 -4.775463 12.32674 11.78842 39.8063 40.92241
  13.3555 -12.54467 -32.46476 -34.39829 -31.53707 -7.130621 -11.0229 -42.67248 -2.94883 15.47409 12.42175 51.06361 42.60094
  12.87966 -14.6741 -32.24613 -28.09003 -27.34355 -1.531598 -11.61703 -47.54738 -3.454865 9.307982 0.03454196 41.09144 38.44553
  12.87602 -17.12324 -36.38362 -28.70479 -25.57222 3.734481 -1.667356 -37.25369 -4.068708 13.63412 9.861775 43.46208 47.83413
  13.10383 -17.86706 -39.02456 -31.18325 -27.16221 10.17818 -5.454389 -45.08133 -0.8192123 15.49687 2.753366 43.63798 45.42839
  13.16089 -17.00955 -40.83279 -32.25208 -29.41502 7.355821 -2.904077 -48.30613 -3.537291 12.36199 4.916324 37.76261 39.93396
